Single rotation with single identity:
FAILED: Expected `quat` to have shape (4,) or (N, 4), got ().

Single rotation with array identity:
Success: Rotation.from_matrix(array([[ 0.70595742, -0.70241983, -0.09072214],
                            [-0.19221012, -0.31329391,  0.93000118],
                            [-0.68167397, -0.63910352, -0.35618436]]))

Array rotation with single identity:
Success: Rotation.from_matrix(array([[[ 0.70595742, -0.70241983, -0.09072214],
                             [-0.19221012, -0.31329391,  0.93000118],
                             [-0.68167397, -0.63910352, -0.35618436]]]))

Array rotation with array identity:
Success: Rotation.from_matrix(array([[[ 0.70595742, -0.70241983, -0.09072214],
                             [-0.19221012, -0.31329391,  0.93000118],
                             [-0.68167397, -0.63910352, -0.35618436]]]))
