boxcox1p(1.0, 1e-264) = 0.6931471805599453
inv_boxcox1p(0.6931471805599453, 1e-264) = 0.6931471805599453
Expected: 1.0
Error: 0.3068528194400547

--- Testing with lambda = 0 (should work correctly) ---
boxcox1p(1.0, 0.0) = 0.6931471805599453
inv_boxcox1p(0.6931471805599453, 0.0) = 1.0
Expected: 1.0
Error: 0.0

--- Testing various small lambda values ---
lambda=1e-100: error=2.220446049250313e-16 [OK]
lambda=1e-200: error=3.068528194400547e-01 [FAIL]
lambda=1e-250: error=3.068528194400547e-01 [FAIL]
lambda=1e-260: error=3.068528194400547e-01 [FAIL]
lambda=1e-264: error=3.068528194400547e-01 [FAIL]
lambda=1e-300: error=3.068528194400547e-01 [FAIL]
